[default]
maxs = 0.97001123,0.99999905,0.99151736,0.00026243925,0.00029154067
mins = 0.003861308,3.1888485e-06,0.0054622293,8.46386e-06,8.2162705e-06

