[default]
maxs = 10.3553739362408894,71.09595446101459,11.601472691111141,20.72441125942308,-3.2327283842210037
mins = -38.582264964077986,12.818603428051818,-5.438773152539446,10.636551212353567,-7.589956063129638
