[default]
maxs = -13.621658704700426,65.44787003138276,15.635442808330154,12.489306131946558,-2.101003023630605
mins = -41.39017771626392,33.55730836735181,-3.768931476117732,-0.45508001403888043,-12.99145290333518
