[default]
maxs = -36.1568072018317,73.34529514298404,-2.30213664334764,11.108213999793179,-3.17939202405301
mins = -39.366395824764865,71.77012164741637,-3.1573989103207802,7.988588720143666,-5.684551663010904

